name: seikyu_env
channels:
  - conda-forge
  - defaults
dependencies:
  - attrs=23.1.0=pyh71513ae_1
  - brotli-python=1.1.0=py311h12c1d0e_1
  - bzip2=1.0.8=hcfcfb64_5
  - ca-certificates=2023.11.17=h56e8100_0
  - certifi=2023.11.17=pyhd8ed1ab_0
  - cffi=1.16.0=py311ha68e1ae_0
  - exceptiongroup=1.2.0=pyhd8ed1ab_0
  - h11=0.14.0=pyhd8ed1ab_0
  - idna=3.6=pyhd8ed1ab_0
  - libexpat=2.5.0=h63175ca_1
  - libffi=3.4.2=h8ffe710_5
  - libsqlite=3.44.2=hcfcfb64_0
  - libzlib=1.2.13=hcfcfb64_5
  - openssl=3.2.0=hcfcfb64_1
  - outcome=1.3.0.post0=pyhd8ed1ab_0
  - pip=23.3.1=pyhd8ed1ab_0
  - pycparser=2.21=pyhd8ed1ab_0
  - pysocks=1.7.1=pyh0701188_6
  - python=3.11.6=h2628c8c_0_cpython
  - python_abi=3.11=4_cp311
  - selenium=4.16.0=pyhd8ed1ab_0
  - selenium-manager=4.16.0=h975169c_0
  - setuptools=68.2.2=pyhd8ed1ab_0
  - sniffio=1.3.0=pyhd8ed1ab_0
  - sortedcontainers=2.4.0=pyhd8ed1ab_0
  - tk=8.6.13=h5226925_1
  - trio=0.23.1=py311h1ea47a8_1
  - trio-websocket=0.11.1=pyhd8ed1ab_0
  - typing_extensions=4.9.0=pyha770c72_0
  - tzdata=2023c=h71feb2d_0
  - ucrt=10.0.22621.0=h57928b3_0
  - urllib3=2.1.0=pyhd8ed1ab_0
  - vc=14.3=h64f974e_17
  - vc14_runtime=14.36.32532=hdcecf7f_17
  - vs2015_runtime=14.36.32532=h05e6639_17
  - wheel=0.42.0=pyhd8ed1ab_0
  - win_inet_pton=1.1.0=pyhd8ed1ab_6
  - wsproto=1.2.0=pyhd8ed1ab_0
  - xz=5.2.6=h8d14728_0
prefix: C:\Users\N0078_202206\anaconda3\envs\seikyu_env
